i
74 1000
d
1
x
0.0d0
a
0 22 0.5 0.0005 100
1 0 0 -0.5 1  2.00000000      ! n,l,l,-j (atomic quantum numbers),1,occupation
2 0 0 -0.5 1  2.00000000
2 1 1 -0.5 1  2.00000000
2 1 1 -1.5 1  4.00000000
3 0 0 -0.5 1  2.00000000
3 1 1 -0.5 1  2.00000000
3 1 1 -1.5 1  4.00000000
3 2 2 -1.5 1  4.00000000 
3 2 2 -2.5 1  6.00000000
4 0 0 -0.5 1  2.00000000
4 1 1 -0.5 1  2.00000000
4 1 1 -1.5 1  4.00000000
5 0 0 -0.5 1  2.00000000
4 2 2 -1.5 1  4.00000000 
4 2 2 -2.5 1  6.00000000 
5 1 1 -0.5 1  2.00000000
5 1 1 -1.5 1  4.00000000
6 0 0 -0.5 1  2.00000000
4 3 3 -3.5 1  8.00000000
4 3 3 -2.5 1  6.00000000
5 2 2 -1.5 1  1.60000000
5 2 2 -2.5 1  2.40000000
w
at_W.i
q
